INPUT :
----------
674
966 764 644 808 557 590 967 938 877 609 725 762 983 742 829 724 937 870 803 944 766 864 801 839 683 795 508 780 543 881 831 508 702 806 894 800 648 734 503 750 718 894 724 811 792 902 907 993 858 536 926 757 663 634 922 533 806 519 949 638 829 929 696 727 568 732 922 829 912 538 836 727 512 847 998 979 701 943 602 577 860 992 841 800 642 526 585 767 619 869 507 634 703 898 697 607 962 742 810 961 829 900 800 782 833 543 574 836 562 822 614 943 714 552 718 653 751 673 726 915 633 870 984 641 655 671 771 602 774 914 867 676 806 911 599 541 576 993 871 945 936 532 938 760 712 810 937 567 997 844 961 856 687 723 857 741 561 541 767 733 714 823 752 808 895 549 784 649 746 611 651 903 706 646 823 558 532 689 827 892 812 699 621 788 650 827 868 989 516 619 593 637 823 579 631 958 823 821 704 943 758 561 568 836 990 770 825 688 500 727 564 634 890 713 515 642 683 991 917 633 950 752 685 518 971 776 642 504 738 980 622 698 665 930 509 921 869 618 686 610 621 617 762 970 866 646 707 588 632 960 952 824 785 570 699 707 923 617 878 774 712 582 965 795 850 570 795 794 622 653 961 765 850 522 705 922 680 724 803 787 551 576 668 787 619 745 807 961 930 588 964 682 742 721 516 856 994 894 836 753 911 813 816 768 695 531 784 599 679 973 506 727 938 689 785 746 601 861 797 542 914 932 710 599 649 828 568 530 892 607 782 836 769 996 834 627 581 517 717 838 895 805 604 792 522 952 688 927 914 716 990 686 628 776 948 625 806 624 629 657 902 600 723 675 940 699 735 950 843 721 580 721 740 952 966 763 837 610 692 870 554 705 785 991 807 903 690 794 667 510 693 889 526 950 916 900 721 705 579 703 894 696 763 873 798 850 564 887 862 784 591 745 727 804 998 599 897 657 533 606 769 765 927 664 961 836 622 967 590 766 939 804 517 570 642 692 759 770 877 521 644 581 603 744 964 560 775 760 886 834 612 950 519 779 770 812 858 940 709 689 510 508 978 531 837 826 923 856 524 723 524 557 792 995 992 680 551 738 937 563 779 738 668 754 951 921 624 738 960 721 693 551 876 778 902 643 691 515 994 844 551 608 602 550 596 524 950 813 780 967 587 980 705 641 552 909 903 817 552 896 802 987 592 760 512 622 534 699 821 933 886 593 586 521 898 926 605 554 852 752 617 957 633 783 759 973 526 872 915 715 972 759 579 563 636 608 712 674 912 517 662 670 505 637 504 645 954 587 922 744 918 720 977 784 923 586 729 649 653 709 730 899 799 502 541 565 605 694 1000 746 830 989 637 619 588 667 742 889 772 538 791 731 630 944 514 905 590 843 610 606 720 685 964 524 906 885 784 858 996 689 883 718 523 749 852 819 713 956 668 674 734 983 995 927 536 501 922 765 992 610 924 960 779 748 752 799 574 898 906 568 812 842 766 719 670 932 720 899 727 764 716 706 627 624 583 737 840 849 906 783 680 792 639 699
354

OUTPUT :
-----------
No




