INPUT :
----------
957
25 16 73 49 35 27 99 95 16 34 70 91 2 65 98 67 71 70 99 36 95 96 72 79 51 74 56 89 55 37 56 14 6 41 9 68 15 59 29 89 58 87 7 48 35 4 59 30 13 43 55 16 9 4 14 69 38 40 42 88 55 5 53 60 61 49 62 7 12 52 89 26 64 54 69 66 82 47 21 75 66 3 64 21 35 78 7 56 6 16 56 100 34 94 82 20 75 33 49 32 45 10 69 89 23 62 49 67 19 60 8 81 54 99 58 59 4 34 39 63 49 73 43 82 4 63 8 46 94 6 39 81 38 18 25 92 62 78 66 79 12 34 88 67 54 51 49 62 39 95 45 93 44 76 70 23 74 38 80 60 83 98 62 3 77 82 64 26 20 93 21 8 6 5 94 30 44 26 90 27 30 72 63 73 100 46 9 87 13 68 85 14 32 80 64 18 63 83 16 28 6 80 11 31 65 81 13 51 18 45 20 78 61 73 85 19 82 83 45 10 86 76 78 50 69 40 20 4 12 98 44 53 91 100 24 16 72 15 88 79 91 84 73 40 23 14 72 68 4 24 70 18 81 68 35 83 82 89 98 69 53 9 77 41 56 57 32 78 41 94 29 67 34 48 76 87 74 22 18 89 78 30 14 39 58 89 48 21 13 39 7 50 41 96 75 88 28 98 92 31 95 80 56 5 58 1 62 58 9 29 95 55 72 13 17 58 17 24 55 37 43 30 36 19 91 3 23 43 100 50 9 12 32 32 73 72 24 71 44 49 57 92 19 94 29 5 88 24 36 37 5 42 60 100 73 78 52 83 46 54 58 28 47 55 29 60 16 98 22 48 78 46 57 62 63 63 26 4 3 33 94 78 17 8 16 32 10 38 77 41 37 25 26 40 28 36 9 50 100 1 54 13 99 13 8 93 15 12 23 20 21 45 74 34 17 61 90 4 53 81 70 47 35 42 9 55 42 99 94 48 78 55 98 72 87 31 87 100 37 95 42 85 83 57 28 59 65 67 94 67 4 27 68 26 4 89 3 65 76 54 49 20 77 73 19 10 37 89 5 95 41 47 7 40 26 63 67 73 98 26 21 89 5 10 13 44 35 98 17 55 72 91 7 30 17 51 41 89 3 66 30 20 75 92 6 38 93 31 93 93 3 91 64 47 29 3 69 70 10 22 96 9 92 33 73 17 71 46 87 11 96 73 99 41 39 90 89 16 38 63 9 91 20 59 68 88 33 80 80 71 5 57 33 92 83 81 66 81 36 34 7 80 33 45 84 16 92 90 11 18 28 64 62 19 21 1 50 59 67 25 95 20 82 42 79 11 35 28 63 6 92 40 71 57 43 22 12 13 99 2 76 8 96 88 96 95 10 58 39 61 90 61 46 51 52 71 60 77 83 27 49 90 27 55 56 34 64 15 52 57 81 22 84 43 9 54 61 43 56 50 84 33 22 24 4 24 76 79 38 73 30 87 65 3 70 53 85 6 22 76 8 64 22 82 72 81 30 18 63 48 29 27 96 91 54 55 12 33 52 69 69 71 30 91 82 21 22 17 22 98 61 68 100 78 20 19 27 55 47 42 74 21 79 63 51 64 24 29 36 78 26 77 32 81 95 71 95 12 47 56 76 63 100 56 5 99 45 85 39 3 55 76 8 99 36 35 40 90 3 47 27 52 75 97 30 11 57 83 81 66 42 50 9 94 74 89 97 98 71 25 95 61 41 99 98 43 83 65 19 36 85 66 47 90 67 78 21 41 8 35 82 70 21 11 69 79 91 18 53 33 46 2 23 9 29 99 14 74 39 75 100 60 4 83 79 99 34 100 26 88 1 39 40 16 15 41 40 96 10 3 51 99 51 91 26 71 66 26 99 8 42 73 17 29 3 10 99 43 67 70 6 97 76 95 40 11 6 31 59 34 84 35 53 33 21 68 84 86 32 67 96 90 35 33 55 45 10 65 8 79 22 10 12 21 58 23 8 82 39 85 85 75 45 96 47 90 23 79 58 35 61 19 54 92 23 84 95 17 50 76 82 86 59 91 52 81 25 93 53 72 34 13 72 5 72 73 44 43 20 59 10 43 18 19 74 65 30 38 100 58 6 23 69 58 30 44 1 63 24 74 59 99 65 76 93 26 8 32 95 23 16 27 69 4 21 19 65
659

OUTPUT :
-----------
Yes




