INPUT :
----------
957
76 631 270 623 424 103 627 565 900 415 592 431 845 719 344 209 928 861 776 179 967 98 272 964 61 604 563 427 557 617 673 693 787 91 758 362 783 908 943 621 369 244 249 205 152 288 102 510 197 751 798 895 223 334 43 843 427 709 881 802 799 734 516 62 617 778 216 122 149 201 240 323 209 13 113 777 383 596 669 750 62 502 35 182 851 792 397 860 313 450 575 262 277 132 11 106 193 871 173 289 519 480 583 217 936 710 417 486 474 86 633 522 91 714 888 501 562 101 56 366 722 311 277 556 14 355 671 997 748 229 186 379 598 915 565 139 221 191 307 532 116 581 104 503 598 121 810 834 840 577 171 502 960 135 98 177 710 995 663 724 182 946 960 77 707 838 12 288 280 901 634 582 152 386 839 63 140 165 409 277 748 969 971 810 754 735 757 15 424 884 57 27 692 541 303 111 273 647 248 246 903 986 29 483 76 343 26 990 679 778 953 864 53 765 224 172 432 375 795 448 448 700 386 804 795 865 959 240 598 406 444 287 379 530 472 963 764 706 142 327 356 643 781 695 7 428 177 522 462 648 172 389 334 274 145 558 9 750 503 963 343 637 620 847 981 612 143 300 592 668 898 408 506 225 55 695 845 620 915 773 757 720 390 351 52 539 614 592 449 592 873 137 274 552 231 463 789 662 928 923 64 384 988 393 833 654 994 335 572 891 287 727 853 685 253 963 447 311 378 510 1000 379 968 757 142 438 442 875 859 226 303 577 218 239 485 769 132 347 736 82 635 112 824 769 905 580 765 849 562 340 323 946 963 586 777 738 943 357 683 12 993 513 914 470 641 638 958 1000 845 88 728 850 985 980 218 832 455 251 856 907 86 519 988 409 330 797 790 476 862 416 870 168 23 87 853 922 176 593 422 755 304 610 851 719 446 324 150 55 393 52 294 584 185 957 735 525 492 678 266 767 379 295 118 883 215 229 436 68 62 30 121 93 549 377 508 434 458 576 700 208 533 19 316 920 633 26 196 445 871 183 105 5 598 385 893 670 124 389 175 575 653 409 155 110 557 342 439 551 395 30 989 91 504 679 821 741 564 727 234 972 227 12 655 880 666 302 665 650 843 234 4 70 163 214 341 38 278 878 241 385 329 138 407 771 96 192 51 498 183 570 63 714 818 715 801 300 974 576 498 693 829 346 320 56 986 645 721 255 499 121 123 233 765 878 550 220 242 57 162 479 345 218 664 819 703 299 501 961 922 907 327 694 207 482 490 982 15 1 528 50 824 921 806 734 838 484 834 123 757 264 941 320 553 84 181 621 590 495 184 703 214 527 905 466 83 637 428 822 344 972 759 341 907 227 413 97 712 672 195 525 421 877 276 486 661 730 326 539 518 467 37 948 33 253 907 589 961 348 14 957 40 894 807 249 878 752 121 895 421 151 693 105 511 665 237 406 957 526 963 848 781 982 609 68 310 447 328 964 346 402 472 469 533 977 901 650 789 527 846 113 538 377 831 73 580 983 101 2 959 245 269 149 545 997 983 116 963 67 250 714 240 540 278 616 506 737 585 743 772 758 767 218 497 243 840 765 883 725 557 331 475 720 935 22 867 877 344 936 175 900 873 55 37 244 247 725 326 608 971 83 369 29 406 575 669 152 802 851 514 268 516 730 876 62 675 494 801 694 829 268 47 297 173 599 301 112 343 722 641 272 801 655 368 716 17 513 866 636 666 872 277 393 678 784 516 406 264 47 229 192 642 424 260 831 239 379 491 282 293 228 992 506 997 931 67 75 472 794 390 973 230 25 653 827 596 393 777 330 865 505 993 871 886 173 544 990 539 472 334 722 876 658 495 217 51 754 724 972 124 379 406 867 601 31 351 624 441 470 184 303 94 76 249 647 371 603 475 203 812 686 197 430 258 124 570 644 371 421 509 269 663 167 870 819 624 465 327 808 926 251 572 623 376 722 80 990 214 353 31 826 539 25 651 738 108 137 928 789 164 882 668 324 299 994 18 895 117 659 198 1 475 363 538 608 976 305 363 54 797 348 486 72 345 997 471 249 369 737 819 173 257 585 878 866 74 172 649 327 668 512 409 790 503 326 677 697 73 115 38 800 293 473 263 975 809 916 588 746 748 786 256 187 372 897 178 82 269 31 207 239 88 640 573 314 698 299 977
828

OUTPUT :
-----------
Yes




